3.48
3.48
3.46
3.48
3.5
3.6
3.72
3.66
3.58
3.5
3.4
3.36
3.34
3.32
3.34
3.32
3.36
3.38
3.4
3.48
3.6
3.56
3.46
3.46
3.3
3.42
3.42
3.42
3.42
3.42
3.64
3.96
3.74
3.5
3.22
3.04
2.98
2.98
3
3
2.98
2.98
2.98
3
3.06
3.08
3.06
3.14
3.16
3.12
3.2
3.14
3.1
3
2.92
2.82
2.78
2.76
2.76
2.76
2.76
2.76
2.76
2.78
2.82
2.86
2.86
2.88
2.94
3
2.98
2.92
2.98
2.8
2.78
2.78
2.78
2.7
2.68
2.78
2.78
2.86
2.78
2.84
3.02
3.04
3.2
3.1
3.22
3.54
3.74
4
4.32
4.6
5
5
5
4.64
3.8
4.38
5
5
5
5
4.12
3.6
5
5
5
5
5
5
4.64
4
4.46
5
5
5
4.88
4.24
5
5
5
5
4.8
4.28
4.58
5
5
5
4.88
4.4
4.58
5
5
5
4.82
4.4
4.62
5
5
5
5
5
5
4.84
4.6
4.56
4.56
4.62
4.6
4.58
4.56
4.58
4.66
4.8
5
5
5
4.9
5
5
5
5
5
5
5
5
5
5
5
5
5
5
5
5
5
4.86
4.52
4.42
4.44
4.6
4.7
4.56
4.58
4.6
4.74
4.58
4.52
4.52
4.58
4.62
4.54
4.54
4.52
4.52
4.56
4.64
4.96
5
5
4.96
5
5
5
5
5
5
5
5
5
5
5
5
5
5
5
5
5
4.64
4.44
4.4
4.42
4.46
4.44
4.42
4.42
4.42
4.5
4.74
5
5
4.98
4.86
5
5
5
5
5
5
5
5
5
5
5
5
5
5
5
5
5
4.74
4.76
5
5
5
4.92
5
5
5
5
5
5
5
5
5
5
5
5
5
5
5
5
4.64
4.24
4.1
4.18
4.42
4.66
4.7
4.84
5
4.78
4.88
4.98
5
5
5
4.98
4.56
4.4
4.38
4.42
4.48
4.42
4.42
4.4
4.42
4.4
4.46
4.6
4.8
4.84
4.76
4.64
4.88
4.7
4.5
4.4
4.28
4.2
4.2
4.2
4.24
4.2
4.22
4.26
5
5
5
5
5
5
5
5
5
5
5
5
5
5
5
4.72
4.28
4.58
5
5
5
4.84
4.42
4.64
5
5
5
4.82
4.46
4.64
5
5
5
4.8
4.52
4.66
4.98
5
5
5
5
4.74
4.68
4.72
4.72
4.7
4.7
4.76
4.76
5
5
5
5
5
5
5
5
5
5
5
5
5
5
5
5
5
5
4.72
4.64
4.68
4.72
4.68
4.68
4.66
4.7
4.8
4.92
4.9
4.86
5
5
5
5
5
5
5
5
5
5
5
5
5
5
5
5
5
5
4.78
4.6
4.84
5
5
5
4.86
4.68
4.74
4.88
4.84
4.86
4.82
4.74
4.74
4.74
4.72
4.84
5
4.96
4.9
4.98
4.98
5
5
5
5
5
5
5
5
5
5
5
5
5
5
5
5
5
4.82
4.66
4.72
4.84
4.82
4.84
4.74
4.7
4.7
4.7
4.7
4.86
5
5
5
5
5
5
5
5
5
5
5
5
5
5
5
5
5
5
4.98
4.7
4.66
4.7
4.7
4.68
4.66
4.74
4.84
4.86
4.82
5
5
5
5
5
5
5
5
5
5
5
5
5
5
5
5
5
5
4.8
4.6
4.72
4.88
4.94
5
4.92
4.86
4.94
4.98
4.98
4.84
4.74
4.76
4.82
4.76
4.76
4.76
4.76
4.92
5
5
5
5
5
5
5
5
5
5
5
5
5
5
5
5
5
5
4.94
4.74
4.76
4.86
4.74
4.76
4.82
4.76
4.74
4.74
4.74
4.88
5
5
5
5
5
5
5
5
5
5
5
5
5
5
5
5
5
5
5
4.78
4.7
4.74
4.78
4.74
4.74
4.74
4.76
4.96
5
5
5
5
5
5
5
5
5
5
5
5
5
5
5
5
5
5
4.78
4.7
4.72
4.78
4.72
4.7
4.72
4.7
4.76
4.88
4.94
4.92
4.98
5
5
5
5
5
5
5
5
5
5
5
5
5
5
5
5
5
4.8
4.62
4.7
4.84
4.84
4.88
4.7
4.68
4.72
4.7
4.68
4.7
4.78
5
5
4.92
5
5
5
5
5
5
5
5
5
5
5
5
4.98
4.68
4.62
4.68
4.72
4.7
4.66
4.64
4.64
4.66
4.8
5
5
4.9
5
5
5
5
5
5
5
5
5
5
5
5
5
5
4.7
4.54
4.56
4.62
4.56
4.56
4.56
4.56
4.66
4.96
4.9
4.82
4.74
4.64
4.56
4.48
4.44
4.42
4.4
4.48
4.58
4.62
4.56
4.68
4.62
4.6
4.52
5
5
5
5
5
5
5
5
5
5
5
5
5
5
5
4.88
4.42
4.62
5
5
5
4.82
4.44
4.64
5
5
5
4.82
4.52
4.7
5
5
5
5
5
5
5
5
5
5
5
5
5
5
5
5
5
5
5
5
5
5
5
5
5
5
5
5
5
5
5
5
4.86
4.8
4.82
4.82
4.8
4.86
5
5
5
5
5
5
5
5
5
5
5
5
5
5
4.9
4.78
4.8
4.86
4.8
4.8
4.8
4.8
4.98
5
5
5
5
5
5
5
5
5
5
5
5
5
5
5
5
5
5
4.82
4.76
4.78
4.78
4.76
4.8
4.92
5
5
5
5
5
5
5
5
5
5
5
5
5
5
5
5
5
5
5
4.8
4.72
4.76
4.78
4.74
4.72
4.72
4.76
4.98
5
5
5
5
5
5
5
5
5
5
5
5
5
5
5
5
5
5
5
4.7
4.68
4.68
4.68
4.84
5
5
5
5
5
5
5
5
5
5
5
5
5
5
5
5
5
5
4.96
4.68
4.66
4.78
4.7
4.72
4.76
4.68
4.68
4.68
4.68
4.82
5
5
4.98
5
5
5
5
5
5
5
5
5
5
5
5
5
5
5
5
4.8
4.64
4.7
4.86
4.82
4.88
4.82
4.78
4.8
4.78
4.72
4.7
4.7
4.7
4.9
5
5
5
5
5
5
5
5
5
5
5
5
5
5
5
5
5
5
5
5
5
5
5
5
5
5
5
5
5
4.96
4.7
4.68
4.8
4.7
4.74
4.8
4.74
4.72
4.74
4.74
4.74
4.88
5
5
5
5