3.48
3.48
3.46
3.48
3.5
3.6
3.74
3.64
3.56
3.44
3.38
3.36
3.34
3.34
3.34
3.36
3.44
3.56
3.5
3.24
3.22
3.2
3.22
3.2
3.24
3.26
3.28
3.36
3.48
3.42
3.34
3.02
3.02
3.04
3.02
3.02
3.02
3.02
3.02
3.02
3.26
3.4
3.24
3.14
2.96
2.9
2.88
2.88
2.88
2.88
2.88
2.88
2.92
2.96
2.98
2.98
3.04
3.16
3.16
3.02
3.18
2.94
2.82
2.7
2.66
2.66
2.68
2.66
2.66
2.66
2.66
2.66
2.66
2.68
2.7
2.74
2.78
2.76
2.74
2.78
2.76
2.76
2.76
2.84
2.98
2.86
2.72
2.54
2.42
2.36
2.38
2.4
2.4
2.4
2.4
2.4
2.38
2.38
2.38
2.38
2.36
2.38
2.36
2.36
2.36
2.36
2.36
2.38
2.38
2.4
2.42
2.44
2.44
2.46
2.5
2.56
2.52
2.46
2.46
2.22
2.24
2.12
2.12
2.06
2.06
2.04
2.04
2.02
2.02
2.02
2.02
1.98
1.98
2
1.98
1.98
1.98
1.98
2
1.98
1.98
1.98
1.98
1.98
1.98
1.96
1.96
1.98
1.96
1.96
1.96
1.96
1.96
1.96
1.96
1.94
1.92
1.92
1.92
1.92
1.92
1.92
1.92
1.92
1.9
1.9
1.9
1.9
1.9
1.9
1.9
1.88
1.88
1.88
1.88
1.88
1.88
1.88
1.88
1.88
1.88
1.88
1.88
1.88
1.86
1.86
1.86
1.86
1.86
1.86
1.86
1.86
1.86
1.86
1.86
1.86
1.86
1.84
1.84
1.86
1.86
1.86
1.86
1.86
1.86
1.86
1.86
1.86
1.86
1.86
1.88
1.88
1.86
1.86
1.88
1.88
1.9
1.9
1.88
1.9
1.9
1.92
1.92
1.92
1.94
1.92
1.94
1.96
1.96
1.96
1.96
1.98
1.96
1.98
2
2
2.02
2.02
2.02
2.02
2.02
2.02
2.02
2.02
2.02
2.02
2.02
2.02
2.02
2.02
2.02
2.02
2.02
2.02
2.02
2.02
2.02
2
2
2
2
2
2
1.98
1.98
1.98
1.96
1.96
1.96
1.96
1.96
1.96
1.94
1.94
1.94
1.94
1.94
1.92
1.92
1.92
1.9
1.9
1.9
1.9
1.9
1.9
1.9
1.9
1.9
1.9
1.88
1.88
1.88
1.88
1.88
1.88
1.88
1.88
1.88
1.88
1.86
1.86
1.86
1.88
1.86
1.86
1.88
1.88
1.88
1.88
1.88
1.88
1.88
1.88
1.88
1.88
1.88
1.88
1.88
1.88
1.88
1.88
1.88
1.88
1.88
1.88
1.88
1.88
1.88
1.88
1.88
1.88
1.88
1.88
1.88
1.88
1.88
1.88
1.88
1.88
1.88
1.88
1.88
1.88
1.88
1.88
1.88
1.88
1.88
1.86
1.86
1.88
1.88
1.88
1.88
1.88
1.88
1.88
1.88
1.88
1.88
1.88
1.88
1.88
1.88
1.88
1.88
1.86
1.86
1.88
1.88
1.88
1.88
1.88
1.88
1.88
1.88
1.88
1.88
1.88
1.88
1.88
1.88
1.88
1.88
1.88
1.88
1.9
1.9
1.9
1.9
1.88
1.88
1.88
1.88
1.88
1.88
1.9
1.9
1.9
1.9
1.9
1.9
1.9
1.9
1.9
1.9
1.9
1.9
1.9
1.9
1.9
1.9
1.9
1.9
1.9
1.9
1.9
1.88
1.88
1.9
1.9
1.9
1.9
1.9
1.9
1.9
1.9
1.9
1.88
1.88
1.9
1.9
1.9
1.9
1.9
1.9
1.9
1.9
1.9
1.9
1.9
1.9
1.9
1.9
1.88
1.9
1.9
1.9
1.9
1.9
1.9
1.9
1.9
1.9
1.9
1.9
1.9
1.9
1.9
1.9
1.9
1.9
1.9
1.9
1.88
1.88
1.9
1.9
1.9
1.9
1.9
1.9
1.9
1.9
1.9
1.88
1.88
1.9
1.9
1.9
1.9
1.9
1.9
1.9
1.9
1.9
1.9
1.9
1.9
1.9
1.9
1.9
1.9
1.9
1.9
1.88
1.88
1.88
1.88
1.88
1.88
1.88
1.88
1.9
1.9
1.9
1.9
1.9
1.9
1.88
1.9
1.9
1.9
1.9
1.9
1.9
1.9
1.9
1.9
1.9
1.9
1.9
1.9
1.9
1.9
1.9
1.9
1.9
1.9
1.9
1.9
1.88
1.88
1.88
1.88
1.9
1.9
1.9
1.88
1.88
1.9
1.9
1.9
1.9
1.9
1.9
1.9
1.9
1.9
1.9
1.92
1.92
1.9
1.9
1.9
1.9
1.9
1.92
1.92
1.92
1.92
1.92
1.92
1.92
1.92
1.92
1.92
1.92
1.92
1.92
1.92
1.92
1.92
1.92
1.9
1.9
1.92
1.92
1.9
1.92
1.92
1.92
1.92
1.92
1.92
1.92
1.92
1.92
1.92
1.92
1.92
1.92
1.92
1.9
1.9
1.92
1.9
1.9
1.92
1.92
1.92
1.92
1.92
1.92
1.92
1.92
1.92
1.92
1.92
1.92
1.92
1.92
1.92
1.92
1.9
1.92
1.9
1.92
1.92
1.92
1.92
1.92
1.92
1.92
1.92
1.92
1.92
1.92
1.92
1.92
1.92
1.92
1.92
1.92
1.92
1.9
1.9
1.92
1.9
1.9
1.92
1.92
1.92
1.92
1.9
1.92
1.92
1.92
1.92
1.92
1.92
1.92
1.92
1.92
1.92
1.92
1.92
1.92
1.92
1.92
1.92
1.92
1.92
1.92
1.92
1.92
1.92
1.92
1.92
1.9
1.9
1.9
1.9
1.9
1.9
1.9
1.88
1.88
1.9
1.9
1.9
1.88
1.88
1.88
1.88
1.88
1.88
1.9
1.9
1.9
1.9
1.9
1.9
1.9
1.9
1.9
1.9
1.9
1.9
1.9
1.9
1.88
1.88
1.88
1.88
1.88
1.88
1.88
1.88
1.88
1.88
1.88
1.88
1.88
1.88
1.88
1.88
1.88
1.88
1.88
1.88
1.88
1.88
1.88
1.88
1.88
1.88
1.88
1.88
1.86
1.86
1.92
1.94
1.96
1.96
1.98
1.98
2.02
2.02
2.04
2.04
2.06
2.06
2.06
2.06
2.06
2.06
2.06
2.08
2.08
2.08
2.08
2.08
2.08
2.08
2.08
2.06
2.06
2.06
2.06
2.06
2.06
2.04
2.04
2.04
2.04
2.04
2.04
2.02
2.02
2.02
2.02
2
2
1.98
1.98
1.98
1.98
1.98
1.98
1.98
1.98
1.98
1.96
1.94
1.92
1.92
1.92
1.9
1.9
1.9
1.9
1.9
1.9
1.9
1.9
1.9
1.88
1.9
1.88
1.9
1.9
1.9
1.9
1.9
1.9
1.9
1.9
1.9
1.9
1.9
1.9
1.9
1.9
1.9
1.9
1.9
1.9
1.88
1.88
1.9
1.9
1.9
1.9
1.9
1.9
1.9
1.9
1.9
1.9
1.88
1.88
1.88
1.88
1.88
1.88
1.9
1.9
1.9
1.9
1.9
1.9
1.9
1.9
1.9
1.9
1.9
1.88
1.88
1.9
1.9
1.9
1.9
1.9
1.9
1.9
1.9
1.9
1.9
1.9
1.9
1.9
1.9
1.9
1.88
1.88
1.88
1.88
1.88
1.88
1.88
1.88
1.88
1.88
1.88
1.88
1.88
1.88
1.86
1.86
1.88
1.88
1.88
1.88
1.88
1.88
1.88
1.88
1.88
1.88
1.88
1.88
1.88
1.88
1.88
1.88
1.88
1.88
1.88
1.88
1.88
1.86
1.88
1.86
1.88
1.88
1.88
1.88
1.9
1.88
1.9
1.9
1.9
1.92
1.92
1.92
1.94
1.94
1.94
1.94
1.94
1.94
1.94
1.92
1.92
1.94
1.92
1.94
1.94
1.94
1.94
1.94
1.94
1.94
1.94
1.94
1.94
1.94
1.94
1.94
1.94
1.94
1.94
1.94
1.94
1.92
1.92
1.92
1.92
1.92
1.92
1.92
1.92
1.92
1.92
1.92
1.92
1.92
1.9
1.9
1.9
1.9
1.9
1.9
1.9
1.9
1.9
1.9
1.88
1.88
1.86
1.86
1.86
1.86
1.86
1.86
1.86
1.86
1.86
1.86
1.86
1.86
1.84
1.84
1.84
1.84
1.84
1.84
1.84
1.84
1.84
1.84
1.84
1.84
1.84
1.84
1.84
1.84
1.84